120
352
221
130
279
445
196
306
473
209
316
349
254
215
477
341
494
217
499
500
237
419
136
226
453
116
1
69
342
432
481
446
75
179
334
412
451
233
397
310
276
13
495
348
200
159
236
245
447
194
218
353
52
68
455
414
317
431
374
208
190
338
115
165
205
39
401
468
257
46
350
303
78
377
141
103
25
143
152
430
108
291
164
335
178
38
328
113
36
142
105
17
26
262
280
99
186
434
359
448
204
400
465
232
235
258
82
283
439
181
488
479
490
392
16
441
137
404
169
253
498
482
45
188
466
321
290
384
134
264
14
322
472
442
37
219
19
109
428
456
193
62
43
440
354
347
288
357
356
79
403
18
97
246
300
44
422
413
367
312
244
394
81
157
433
88
192
470
255
89
309
187
147
464
436
362
87
177
61
104
175
364
40
339
478
154
174
111
298
92
167
302
387
9
53
344
213
444
106
402
270
379
368
268
314
337
315
496
327
199
462
125
222
391
378
182
90
66
483
273
267
292
145
94
277
409
132
375
58
326
133
460
21
266
467
210
459
260
301
227
351
140
101
73
211
51
148
5
480
135
27
405
324
64
119
320
388
271
231
363
307
418
124
197
191
155
216
2
224
100
4
399
60
463
395
114
425
3
461
252
220
427
42
203
70
370
492
475
131
476
239
457
243
332
8
15
361
491
225
153
67
484
184
234
497
56
358
31
206
318
278
275
386
281
121
86
6
415
360
151
407
10
333
343
411
365
304
77
241
242
381
389
240
420
57
117
421
229
272
265
223
406
170
35
263
55
83
71
11
274
168
85
424
72
382
139
396
212
340
102
259
48
471
294
80
24
7
162
286
65
189
293
163
107
438
489
248
369
331
284
128
469
319
345
330
299
28
74
373
452
443
76
486
150
385
247
287
98
207
313
289
485
47
228
311
63
176
122
84
238
54
185
429
372
493
325
336
156
22
214
23
308
410
33
112
126
256
408
329
390
158
41
180
249
173
195
127
435
296
95
202
160
59
437
474
144
371
149
269
458
30
146
346
34
172
96
380
423
198
110
416
417
171
161
383
118
251
449
129
50
12
93
123
91
450
20
305
426
454
285
138
487
29
166
250
398
49
282
295
297
32
376
230
366
393
323
355
183
261
201
